000102 9
000103 10
000110 6
000111 7
000112 8
000113 9
000120 5
000121 6
000122 7
000123 8
000130 4
000131 5
000132 6
000133 7
000201 9
000203 11
000210 7
000211 8
000212 9
000213 10
000220 6
000221 7
000222 8
000223 9
000230 5
000231 6
000232 7
000233 8
000301 10
000302 11
000310 8
000311 9
000312 10
000313 11
000320 7
000321 8
000322 9
000323 10
000330 6
000331 7
000332 8
000333 9
001001 6
001002 7
001003 8
001011 5
001012 6
001013 7
001020 3
001021 4
001022 5
001023 6
001030 2
001031 3
001032 4
001033 5
001101 7
001102 8
001103 9
001110 5
001112 7
001113 8
001120 4
001121 5
001122 6
001123 7
001130 3
001131 4
001132 5
001133 6
001201 8
001202 9
001203 10
001210 6
001211 7
001213 9
001220 5
001221 6
001222 7
001223 8
001230 4
001231 5
001232 6
001233 7
001301 9
001302 10
001303 11
001310 7
001311 8
001312 9
001320 6
001321 7
001322 8
001323 9
001330 5
001331 6
001332 7
001333 8
002001 5
002002 6
002003 7
002010 5
002011 4
002012 5
002013 6
002021 3
002022 4
002023 5
002030 1
002031 2
002032 3
002033 4
002101 6
002102 7
002103 8
002110 4
002111 5
002112 6
002113 7
002120 3
002122 5
002123 6
002130 2
002131 3
002132 4
002133 5
002201 7
002202 8
002203 9
002210 5
002211 6
002212 7
002213 8
002220 4
002221 5
002223 7
002230 3
002231 4
002232 5
002233 6
002301 8
002302 9
002303 10
002310 6
002311 7
002312 8
002313 9
002320 5
002321 6
002322 7
002330 4
002331 5
002332 6
002333 7
003001 6
003002 7
003003 8
003010 6
003011 5
003012 6
003013 7
003020 5
003021 4
003022 5
003023 6
003031 3
003032 4
003033 5
003101 7
003102 8
003103 9
003110 5
003111 6
003112 7
003113 8
003120 4
003121 5
003122 6
003123 7
003130 3
003132 5
003133 6
003201 8
003202 9
003203 10
003210 6
003211 7
003212 8
003213 9
003220 5
003221 6
003222 7
003223 8
003230 4
003231 5
003233 7
003301 9
003302 10
003303 11
003310 7
003311 8
003312 9
003313 10
003320 6
003321 7
003322 8
003323 9
003330 5
003331 6
003332 7
010002 9
010003 10
010010 6
010011 7
010012 8
010013 9
010020 5
010021 6
010022 7
010023 8
010030 4
010031 5
010032 6
010033 7
010200 9
010203 12
010210 8
010211 9
010212 10
010213 11
010220 7
010221 8
010222 9
010223 10
010230 6
010231 7
010232 8
010233 9
010300 10
010302 12
010310 9
010311 10
010312 11
010313 12
010320 8
010321 9
010322 10
010323 11
010330 7
010331 8
010332 9
010333 10
011000 8
011002 8
011003 9
011011 6
011012 7
011013 8
011020 4
011021 5
011022 6
011023 7
011030 3
011031 4
011032 5
011033 6
011100 7
011102 9
011103 10
011110 6
011112 8
011113 9
011120 5
011121 6
011122 7
011123 8
011130 4
011131 5
011132 6
011133 7
011200 8
011202 10
011203 11
011210 7
011211 8
011213 10
011220 6
011221 7
011222 8
011223 9
011230 5
011231 6
011232 7
011233 8
011300 9
011302 11
011303 12
011310 8
011311 9
011312 10
011320 7
011321 8
011322 9
011323 10
011330 6
011331 7
011332 8
011333 9
012000 7
012002 7
012003 8
012010 6
012011 5
012012 6
012013 7
012021 4
012022 5
012023 6
012030 2
012031 3
012032 4
012033 5
012100 6
012102 8
012103 9
012110 5
012111 6
012112 7
012113 8
012120 4
012122 6
012123 7
012130 3
012131 4
012132 5
012133 6
012200 7
012202 9
012203 10
012210 6
012211 7
012212 8
012213 9
012220 5
012221 6
012223 8
012230 4
012231 5
012232 6
012233 7
012300 8
012302 10
012303 11
012310 7
012311 8
012312 9
012313 10
012320 6
012321 7
012322 8
012330 5
012331 6
012332 7
012333 8
013000 8
013002 8
013003 9
013010 7
013011 6
013012 7
013013 8
013020 6
013021 5
013022 6
013023 7
013031 4
013032 5
013033 6
013100 7
013102 9
013103 10
013110 6
013111 7
013112 8
013113 9
013120 5
013121 6
013122 7
013123 8
013130 4
013132 6
013133 7
013200 8
013202 10
013203 11
013210 7
013211 8
013212 9
013213 10
013220 6
013221 7
013222 8
013223 9
013230 5
013231 6
013233 8
013300 9
013302 11
013303 12
013310 8
013311 9
013312 10
013313 11
013320 7
013321 8
013322 9
013323 10
013330 6
013331 7
013332 8
020001 9
020003 11
020010 7
020011 8
020012 9
020013 10
020020 6
020021 7
020022 8
020023 9
020030 5
020031 6
020032 7
020033 8
020100 9
020103 12
020110 8
020111 9
020112 10
020113 11
020120 7
020121 8
020122 9
020123 10
020130 6
020131 7
020132 8
020133 9
020300 11
020301 12
020310 10
020311 11
020312 12
020313 13
020320 9
020321 10
020322 11
020323 12
020330 8
020331 9
020332 10
020333 11
021000 9
021001 8
021003 10
021011 7
021012 8
021013 9
021020 5
021021 6
021022 7
021023 8
021030 4
021031 5
021032 6
021033 7
021100 8
021101 9
021103 11
021110 7
021112 9
021113 10
021120 6
021121 7
021122 8
021123 9
021130 5
021131 6
021132 7
021133 8
021200 9
021201 10
021203 12
021210 8
021211 9
021213 11
021220 7
021221 8
021222 9
021223 10
021230 6
021231 7
021232 8
021233 9
021300 10
021301 11
021303 13
021310 9
021311 10
021312 11
021320 8
021321 9
021322 10
021323 11
021330 7
021331 8
021332 9
021333 10
022000 8
022001 7
022003 9
022010 7
022011 6
022012 7
022013 8
022021 5
022022 6
022023 7
022030 3
022031 4
022032 5
022033 6
022100 7
022101 8
022103 10
022110 6
022111 7
022112 8
022113 9
022120 5
022122 7
022123 8
022130 4
022131 5
022132 6
022133 7
022200 8
022201 9
022203 11
022210 7
022211 8
022212 9
022213 10
022220 6
022221 7
022223 9
022230 5
022231 6
022232 7
022233 8
022300 9
022301 10
022303 12
022310 8
022311 9
022312 10
022313 11
022320 7
022321 8
022322 9
022330 6
022331 7
022332 8
022333 9
023000 9
023001 8
023003 10
023010 8
023011 7
023012 8
023013 9
023020 7
023021 6
023022 7
023023 8
023031 5
023032 6
023033 7
023100 8
023101 9
023103 11
023110 7
023111 8
023112 9
023113 10
023120 6
023121 7
023122 8
023123 9
023130 5
023132 7
023133 8
023200 9
023201 10
023203 12
023210 8
023211 9
023212 10
023213 11
023220 7
023221 8
023222 9
023223 10
023230 6
023231 7
023233 9
023300 10
023301 11
023303 13
023310 9
023311 10
023312 11
023313 12
023320 8
023321 9
023322 10
023323 11
023330 7
023331 8
023332 9
030001 10
030002 11
030010 8
030011 9
030012 10
030013 11
030020 7
030021 8
030022 9
030023 10
030030 6
030031 7
030032 8
030033 9
030100 10
030102 12
030110 9
030111 10
030112 11
030113 12
030120 8
030121 9
030122 10
030123 11
030130 7
030131 8
030132 9
030133 10
030200 11
030201 12
030210 10
030211 11
030212 12
030213 13
030220 9
030221 10
030222 11
030223 12
030230 8
030231 9
030232 10
030233 11
031000 10
031001 9
031002 10
031011 8
031012 9
031013 10
031020 6
031021 7
031022 8
031023 9
031030 5
031031 6
031032 7
031033 8
031100 9
031101 10
031102 11
031110 8
031112 10
031113 11
031120 7
031121 8
031122 9
031123 10
031130 6
031131 7
031132 8
031133 9
031200 10
031201 11
031202 12
031210 9
031211 10
031213 12
031220 8
031221 9
031222 10
031223 11
031230 7
031231 8
031232 9
031233 10
031300 11
031301 12
031302 13
031310 10
031311 11
031312 12
031320 9
031321 10
031322 11
031323 12
031330 8
031331 9
031332 10
031333 11
032000 9
032001 8
032002 9
032010 8
032011 7
032012 8
032013 9
032021 6
032022 7
032023 8
032030 4
032031 5
032032 6
032033 7
032100 8
032101 9
032102 10
032110 7
032111 8
032112 9
032113 10
032120 6
032122 8
032123 9
032130 5
032131 6
032132 7
032133 8
032200 9
032201 10
032202 11
032210 8
032211 9
032212 10
032213 11
032220 7
032221 8
032223 10
032230 6
032231 7
032232 8
032233 9
032300 10
032301 11
032302 12
032310 9
032311 10
032312 11
032313 12
032320 8
032321 9
032322 10
032330 7
032331 8
032332 9
032333 10
033000 10
033001 9
033002 10
033010 9
033011 8
033012 9
033013 10
033020 8
033021 7
033022 8
033023 9
033031 6
033032 7
033033 8
033100 9
033101 10
033102 11
033110 8
033111 9
033112 10
033113 11
033120 7
033121 8
033122 9
033123 10
033130 6
033132 8
033133 9
033200 10
033201 11
033202 12
033210 9
033211 10
033212 11
033213 12
033220 8
033221 9
033222 10
033223 11
033230 7
033231 8
033233 10
033300 11
033301 12
033302 13
033310 10
033311 11
033312 12
033313 13
033320 9
033321 10
033322 11
033323 12
033330 8
033331 9
033332 10
100001 8
100002 9
100003 10
100011 7
100012 8
100013 9
100020 5
100021 6
100022 7
100023 8
100030 4
100031 5
100032 6
100033 7
100100 8
100102 8
100103 9
100111 6
100112 7
100113 8
100120 4
100121 5
100122 6
100123 7
100130 5
100131 4
100132 5
100133 6
100200 9
100201 8
100203 10
100211 7
100212 8
100213 9
100220 5
100221 6
100222 7
100223 8
100230 4
100231 5
100232 6
100233 7
100300 10
100301 9
100302 10
100311 8
100312 9
100313 10
100320 6
100321 7
100322 8
100323 9
100330 5
100331 6
100332 7
100333 8
101100 7
101101 8
101102 7
101103 8
101112 6
101113 7
101120 3
101121 4
101122 5
101123 6
101130 2
101131 3
101132 4
101133 5
101200 8
101201 7
101202 8
101203 9
101211 6
101213 8
101220 4
101221 5
101222 6
101223 7
101230 3
101231 4
101232 5
101233 6
101300 9
101301 8
101302 9
101303 10
101311 7
101312 8
101320 5
101321 6
101322 7
101323 8
101330 4
101331 5
101332 6
101333 7
102000 7
102001 6
102002 5
102003 6
102011 5
102012 4
102013 5
102021 2
102022 3
102023 4
102030 0
102031 1
102032 2
102033 3
102100 6
102101 7
102102 6
102103 7
102111 6
102112 5
102113 6
102120 2
102122 4
102123 5
102130 1
102131 2
102132 3
102133 4
102200 7
102201 6
102202 7
102203 8
102211 5
102212 6
102213 7
102220 3
102221 4
102223 6
102230 2
102231 3
102232 4
102233 5
102300 8
102301 7
102302 8
102303 9
102311 6
102312 7
102313 8
102320 4
102321 5
102322 6
102330 3
102331 4
102332 5
102333 6
103000 6
103001 5
103002 6
103003 7
103011 4
103012 5
103013 6
103020 4
103021 3
103022 4
103023 5
103031 2
103032 3
103033 4
103100 7
103101 6
103102 7
103103 8
103111 5
103112 6
103113 7
103120 3
103121 4
103122 5
103123 6
103130 2
103132 4
103133 5
103200 8
103201 7
103202 8
103203 9
103211 6
103212 7
103213 8
103220 4
103221 5
103222 6
103223 7
103230 3
103231 4
103233 6
103300 9
103301 8
103302 9
103303 10
103311 7
103312 8
103313 9
103320 5
103321 6
103322 7
103323 8
103330 4
103331 5
103332 6
110001 9
110002 8
110003 9
110010 5
110012 7
110013 8
110020 4
110021 5
110022 6
110023 7
110030 3
110031 4
110032 5
110033 6
110100 7
110102 9
110103 10
110110 6
110112 8
110113 9
110120 5
110121 6
110122 7
110123 8
110130 4
110131 5
110132 6
110133 7
110200 8
110201 9
110203 11
110210 7
110212 9
110213 10
110220 6
110221 7
110222 8
110223 9
110230 5
110231 6
110232 7
110233 8
110300 9
110301 10
110302 11
110310 8
110312 10
110313 11
110320 7
110321 8
110322 9
110323 10
110330 6
110331 7
110332 8
110333 9
111000 7
111001 8
111002 7
111003 8
111012 6
111013 7
111020 3
111021 4
111022 5
111023 6
111030 2
111031 3
111032 4
111033 5
111200 7
111201 8
111202 9
111203 10
111210 6
111213 9
111220 5
111221 6
111222 7
111223 8
111230 4
111231 5
111232 6
111233 7
111300 8
111301 9
111302 10
111303 11
111310 7
111312 9
111320 6
111321 7
111322 8
111323 9
111330 5
111331 6
111332 7
111333 8
112000 6
112001 7
112002 6
112003 7
112010 5
112012 5
112013 6
112021 3
112022 4
112023 5
112030 1
112031 2
112032 3
112033 4
112100 5
112101 6
112102 7
112103 8
112110 4
112112 6
112113 7
112120 3
112122 5
112123 6
112130 2
112131 3
112132 4
112133 5
112200 6
112201 7
112202 8
112203 9
112210 5
112212 7
112213 8
112220 4
112221 5
112223 7
112230 3
112231 4
112232 5
112233 6
112300 7
112301 8
112302 9
112303 10
112310 6
112312 8
112313 9
112320 5
112321 6
112322 7
112330 4
112331 5
112332 6
112333 7
113000 7
113001 6
113002 7
113003 8
113010 6
113012 6
113013 7
113020 5
113021 4
113022 5
113023 6
113031 3
113032 4
113033 5
113100 6
113101 7
113102 8
113103 9
113110 5
113112 7
113113 8
113120 4
113121 5
113122 6
113123 7
113130 3
113132 5
113133 6
113200 7
113201 8
113202 9
113203 10
113210 6
113212 8
113213 9
113220 5
113221 6
113222 7
113223 8
113230 4
113231 5
113233 7
113300 8
113301 9
113302 10
113303 11
113310 7
113312 9
113313 10
113320 6
113321 7
113322 8
113323 9
113330 5
113331 6
113332 7
120001 8
120002 9
120003 10
120010 6
120011 7
120013 9
120020 5
120021 6
120022 7
120023 8
120030 4
120031 5
120032 6
120033 7
120100 8
120102 10
120103 11
120110 7
120111 8
120113 10
120120 6
120121 7
120122 8
120123 9
120130 5
120131 6
120132 7
120133 8
120200 9
120201 10
120203 12
120210 8
120211 9
120213 11
120220 7
120221 8
120222 9
120223 10
120230 6
120231 7
120232 8
120233 9
120300 10
120301 11
120302 12
120310 9
120311 10
120313 12
120320 8
120321 9
120322 10
120323 11
120330 7
120331 8
120332 9
120333 10
121000 8
121001 7
121002 8
121003 9
121011 6
121013 8
121020 4
121021 5
121022 6
121023 7
121030 3
121031 4
121032 5
121033 6
121100 7
121101 8
121102 9
121103 10
121110 6
121113 9
121120 5
121121 6
121122 7
121123 8
121130 4
121131 5
121132 6
121133 7
121300 9
121301 10
121302 11
121303 12
121310 8
121311 9
121320 7
121321 8
121322 9
121323 10
121330 6
121331 7
121332 8
121333 9
122000 7
122001 6
122002 7
122003 8
122010 6
122011 5
122013 7
122021 4
122022 5
122023 6
122030 2
122031 3
122032 4
122033 5
122100 6
122101 7
122102 8
122103 9
122110 5
122111 6
122113 8
122120 4
122122 6
122123 7
122130 3
122131 4
122132 5
122133 6
122200 7
122201 8
122202 9
122203 10
122210 6
122211 7
122213 9
122220 5
122221 6
122223 8
122230 4
122231 5
122232 6
122233 7
122300 8
122301 9
122302 10
122303 11
122310 7
122311 8
122313 10
122320 6
122321 7
122322 8
122330 5
122331 6
122332 7
122333 8
123000 8
123001 7
123002 8
123003 9
123010 7
123011 6
123013 8
123020 6
123021 5
123022 6
123023 7
123031 4
123032 5
123033 6
123100 7
123101 8
123102 9
123103 10
123110 6
123111 7
123113 9
123120 5
123121 6
123122 7
123123 8
123130 4
123132 6
123133 7
123200 8
123201 9
123202 10
123203 11
123210 7
123211 8
123213 10
123220 6
123221 7
123222 8
123223 9
123230 5
123231 6
123233 8
123300 9
123301 10
123302 11
123303 12
123310 8
123311 9
123313 11
123320 7
123321 8
123322 9
123323 10
123330 6
123331 7
123332 8
130001 9
130002 10
130003 11
130010 7
130011 8
130012 9
130020 6
130021 7
130022 8
130023 9
130030 5
130031 6
130032 7
130033 8
130100 9
130102 11
130103 12
130110 8
130111 9
130112 10
130120 7
130121 8
130122 9
130123 10
130130 6
130131 7
130132 8
130133 9
130200 10
130201 11
130203 13
130210 9
130211 10
130212 11
130220 8
130221 9
130222 10
130223 11
130230 7
130231 8
130232 9
130233 10
130300 11
130301 12
130302 13
130310 10
130311 11
130312 12
130320 9
130321 10
130322 11
130323 12
130330 8
130331 9
130332 10
130333 11
131000 9
131001 8
131002 9
131003 10
131011 7
131012 8
131020 5
131021 6
131022 7
131023 8
131030 4
131031 5
131032 6
131033 7
131100 8
131101 9
131102 10
131103 11
131110 7
131112 9
131120 6
131121 7
131122 8
131123 9
131130 5
131131 6
131132 7
131133 8
131200 9
131201 10
131202 11
131203 12
131210 8
131211 9
131220 7
131221 8
131222 9
131223 10
131230 6
131231 7
131232 8
131233 9
132000 8
132001 7
132002 8
132003 9
132010 7
132011 6
132012 7
132021 5
132022 6
132023 7
132030 3
132031 4
132032 5
132033 6
132100 7
132101 8
132102 9
132103 10
132110 6
132111 7
132112 8
132120 5
132122 7
132123 8
132130 4
132131 5
132132 6
132133 7
132200 8
132201 9
132202 10
132203 11
132210 7
132211 8
132212 9
132220 6
132221 7
132223 9
132230 5
132231 6
132232 7
132233 8
132300 9
132301 10
132302 11
132303 12
132310 8
132311 9
132312 10
132320 7
132321 8
132322 9
132330 6
132331 7
132332 8
132333 9
133000 9
133001 8
133002 9
133003 10
133010 8
133011 7
133012 8
133020 7
133021 6
133022 7
133023 8
133031 5
133032 6
133033 7
133100 8
133101 9
133102 10
133103 11
133110 7
133111 8
133112 9
133120 6
133121 7
133122 8
133123 9
133130 5
133132 7
133133 8
133200 9
133201 10
133202 11
133203 12
133210 8
133211 9
133212 10
133220 7
133221 8
133222 9
133223 10
133230 6
133231 7
133233 9
133300 10
133301 11
133302 12
133303 13
133310 9
133311 10
133312 11
133320 8
133321 9
133322 10
133323 11
133330 7
133331 8
133332 9
200001 9
200002 10
200003 11
200010 7
200011 8
200012 9
200013 10
200021 7
200022 8
200023 9
200030 5
200031 6
200032 7
200033 8
200100 9
200102 9
200103 10
200110 8
200111 7
200112 8
200113 9
200121 6
200122 7
200123 8
200130 4
200131 5
200132 6
200133 7
200200 10
200201 9
200203 11
200210 9
200211 8
200212 9
200213 10
200221 7
200222 8
200223 9
200230 5
200231 6
200232 7
200233 8
200300 11
200301 10
200302 11
200310 10
200311 9
200312 10
200313 11
200321 8
200322 9
200323 10
200330 6
200331 7
200332 8
200333 9
201000 9
201001 8
201002 9
201003 10
201011 7
201012 8
201013 9
201021 6
201022 7
201023 8
201030 4
201031 5
201032 6
201033 7
201100 8
201101 9
201102 8
201103 9
201110 7
201112 7
201113 8
201121 5
201122 6
201123 7
201130 3
201131 4
201132 5
201133 6
201200 9
201201 8
201202 9
201203 10
201210 8
201211 7
201213 9
201221 6
201222 7
201223 8
201230 4
201231 5
201232 6
201233 7
201300 10
201301 9
201302 10
201303 11
201310 9
201311 8
201312 9
201321 7
201322 8
201323 9
201330 5
201331 6
201332 7
201333 8
202100 9
202101 8
202102 7
202103 8
202110 8
202111 7
202112 6
202113 7
202122 5
202123 6
202130 2
202131 3
202132 4
202133 5
202200 8
202201 7
202202 8
202203 9
202210 7
202211 6
202212 7
202213 8
202221 5
202223 7
202230 3
202231 4
202232 5
202233 6
202300 9
202301 8
202302 9
202303 10
202310 8
202311 7
202312 8
202313 9
202321 6
202322 7
202330 4
202331 5
202332 6
202333 7
203000 7
203001 6
203002 7
203003 8
203010 6
203011 5
203012 6
203013 7
203021 4
203022 5
203023 6
203031 3
203032 4
203033 5
203100 8
203101 7
203102 8
203103 9
203110 7
203111 6
203112 7
203113 8
203121 5
203122 6
203123 7
203130 3
203132 5
203133 6
203200 9
203201 8
203202 9
203203 10
203210 8
203211 7
203212 8
203213 9
203221 6
203222 7
203223 8
203230 4
203231 5
203233 7
203300 10
203301 9
203302 10
203303 11
203310 9
203311 8
203312 9
203313 10
203321 7
203322 8
203323 9
203330 5
203331 6
203332 7
210001 8
210002 9
210003 10
210010 6
210011 7
210012 8
210013 9
210020 5
210022 7
210023 8
210030 4
210031 5
210032 6
210033 7
210100 8
210102 10
210103 11
210110 7
210111 8
210112 9
210113 10
210120 6
210122 8
210123 9
210130 5
210131 6
210132 7
210133 8
210200 9
210201 10
210203 12
210210 8
210211 9
210212 10
210213 11
210220 7
210222 9
210223 10
210230 6
210231 7
210232 8
210233 9
210300 10
210301 11
210302 12
210310 9
210311 10
210312 11
210313 12
210320 8
210322 10
210323 11
210330 7
210331 8
210332 9
210333 10
211000 8
211001 9
211002 8
211003 9
211011 8
211012 7
211013 8
211020 4
211022 6
211023 7
211030 3
211031 4
211032 5
211033 6
211100 7
211101 8
211102 9
211103 10
211110 6
211112 8
211113 9
211120 5
211122 7
211123 8
211130 4
211131 5
211132 6
211133 7
211200 8
211201 9
211202 10
211203 11
211210 7
211211 8
211213 10
211220 6
211222 8
211223 9
211230 5
211231 6
211232 7
211233 8
211300 9
211301 10
211302 11
211303 12
211310 8
211311 9
211312 10
211320 7
211322 9
211323 10
211330 6
211331 7
211332 8
211333 9
212000 7
212001 8
212002 7
212003 8
212010 6
212011 7
212012 6
212013 7
212022 5
212023 6
212030 2
212031 3
212032 4
212033 5
212200 7
212201 8
212202 9
212203 10
212210 6
212211 7
212212 8
212213 9
212220 5
212223 8
212230 4
212231 5
212232 6
212233 7
212300 8
212301 9
212302 10
212303 11
212310 7
212311 8
212312 9
212313 10
212320 6
212322 8
212330 5
212331 6
212332 7
212333 8
213000 8
213001 7
213002 8
213003 9
213010 7
213011 6
213012 7
213013 8
213020 6
213022 6
213023 7
213031 4
213032 5
213033 6
213100 7
213101 8
213102 9
213103 10
213110 6
213111 7
213112 8
213113 9
213120 5
213122 7
213123 8
213130 4
213132 6
213133 7
213200 8
213201 9
213202 10
213203 11
213210 7
213211 8
213212 9
213213 10
213220 6
213222 8
213223 9
213230 5
213231 6
213233 8
213300 9
213301 10
213302 11
213303 12
213310 8
213311 9
213312 10
213313 11
213320 7
213322 9
213323 10
213330 6
213331 7
213332 8
220001 9
220002 10
220003 11
220010 7
220011 8
220012 9
220013 10
220020 6
220021 7
220023 9
220030 5
220031 6
220032 7
220033 8
220100 9
220102 11
220103 12
220110 8
220111 9
220112 10
220113 11
220120 7
220121 8
220123 10
220130 6
220131 7
220132 8
220133 9
220200 10
220201 11
220203 13
220210 9
220211 10
220212 11
220213 12
220220 8
220221 9
220223 11
220230 7
220231 8
220232 9
220233 10
220300 11
220301 12
220302 13
220310 10
220311 11
220312 12
220313 13
220320 9
220321 10
220323 12
220330 8
220331 9
220332 10
220333 11
221000 9
221001 8
221002 9
221003 10
221011 7
221012 8
221013 9
221020 5
221021 6
221023 8
221030 4
221031 5
221032 6
221033 7
221100 8
221101 9
221102 10
221103 11
221110 7
221112 9
221113 10
221120 6
221121 7
221123 9
221130 5
221131 6
221132 7
221133 8
221200 9
221201 10
221202 11
221203 12
221210 8
221211 9
221213 11
221220 7
221221 8
221223 10
221230 6
221231 7
221232 8
221233 9
221300 10
221301 11
221302 12
221303 13
221310 9
221311 10
221312 11
221320 8
221321 9
221323 11
221330 7
221331 8
221332 9
221333 10
222000 8
222001 7
222002 8
222003 9
222010 7
222011 6
222012 7
222013 8
222021 5
222023 7
222030 3
222031 4
222032 5
222033 6
222100 7
222101 8
222102 9
222103 10
222110 6
222111 7
222112 8
222113 9
222120 5
222123 8
222130 4
222131 5
222132 6
222133 7
222300 9
222301 10
222302 11
222303 12
222310 8
222311 9
222312 10
222313 11
222320 7
222321 8
222330 6
222331 7
222332 8
222333 9
223000 9
223001 8
223002 9
223003 10
223010 8
223011 7
223012 8
223013 9
223020 7
223021 6
223023 8
223031 5
223032 6
223033 7
223100 8
223101 9
223102 10
223103 11
223110 7
223111 8
223112 9
223113 10
223120 6
223121 7
223123 9
223130 5
223132 7
223133 8
223200 9
223201 10
223202 11
223203 12
223210 8
223211 9
223212 10
223213 11
223220 7
223221 8
223223 10
223230 6
223231 7
223233 9
223300 10
223301 11
223302 12
223303 13
223310 9
223311 10
223312 11
223313 12
223320 8
223321 9
223323 11
223330 7
223331 8
223332 9
230001 10
230002 11
230003 12
230010 8
230011 9
230012 10
230013 11
230020 7
230021 8
230022 9
230030 6
230031 7
230032 8
230033 9
230100 10
230102 12
230103 13
230110 9
230111 10
230112 11
230113 12
230120 8
230121 9
230122 10
230130 7
230131 8
230132 9
230133 10
230200 11
230201 12
230203 14
230210 10
230211 11
230212 12
230213 13
230220 9
230221 10
230222 11
230230 8
230231 9
230232 10
230233 11
230300 12
230301 13
230302 14
230310 11
230311 12
230312 13
230313 14
230320 10
230321 11
230322 12
230330 9
230331 10
230332 11
230333 12
231000 10
231001 9
231002 10
231003 11
231011 8
231012 9
231013 10
231020 6
231021 7
231022 8
231030 5
231031 6
231032 7
231033 8
231100 9
231101 10
231102 11
231103 12
231110 8
231112 10
231113 11
231120 7
231121 8
231122 9
231130 6
231131 7
231132 8
231133 9
231200 10
231201 11
231202 12
231203 13
231210 9
231211 10
231213 12
231220 8
231221 9
231222 10
231230 7
231231 8
231232 9
231233 10
231300 11
231301 12
231302 13
231303 14
231310 10
231311 11
231312 12
231320 9
231321 10
231322 11
231330 8
231331 9
231332 10
231333 11
232000 9
232001 8
232002 9
232003 10
232010 8
232011 7
232012 8
232013 9
232021 6
232022 7
232030 4
232031 5
232032 6
232033 7
232100 8
232101 9
232102 10
232103 11
232110 7
232111 8
232112 9
232113 10
232120 6
232122 8
232130 5
232131 6
232132 7
232133 8
232200 9
232201 10
232202 11
232203 12
232210 8
232211 9
232212 10
232213 11
232220 7
232221 8
232230 6
232231 7
232232 8
232233 9
233000 10
233001 9
233002 10
233003 11
233010 9
233011 8
233012 9
233013 10
233020 8
233021 7
233022 8
233031 6
233032 7
233033 8
233100 9
233101 10
233102 11
233103 12
233110 8
233111 9
233112 10
233113 11
233120 7
233121 8
233122 9
233130 6
233132 8
233133 9
233200 10
233201 11
233202 12
233203 13
233210 9
233211 10
233212 11
233213 12
233220 8
233221 9
233222 10
233230 7
233231 8
233233 10
233300 11
233301 12
233302 13
233303 14
233310 10
233311 11
233312 12
233313 13
233320 9
233321 10
233322 11
233330 8
233331 9
233332 10
300001 10
300002 11
300003 12
300010 8
300011 9
300012 10
300013 11
300020 7
300021 8
300022 9
300023 10
300031 7
300032 8
300033 9
300100 10
300102 10
300103 11
300110 9
300111 8
300112 9
300113 10
300120 8
300121 7
300122 8
300123 9
300131 6
300132 7
300133 8
300200 11
300201 10
300203 12
300210 10
300211 9
300212 10
300213 11
300220 9
300221 8
300222 9
300223 10
300231 7
300232 8
300233 9
300300 12
300301 11
300302 12
300310 11
300311 10
300312 11
300313 12
300320 10
300321 9
300322 10
300323 11
300331 8
300332 9
300333 10
301000 10
301001 9
301002 10
301003 11
301011 8
301012 9
301013 10
301020 6
301021 7
301022 8
301023 9
301031 6
301032 7
301033 8
301100 9
301101 10
301102 9
301103 10
301110 8
301112 8
301113 9
301120 7
301121 6
301122 7
301123 8
301131 5
301132 6
301133 7
301200 10
301201 9
301202 10
301203 11
301210 9
301211 8
301213 10
301220 8
301221 7
301222 8
301223 9
301231 6
301232 7
301233 8
301300 11
301301 10
301302 11
301303 12
301310 10
301311 9
301312 10
301320 9
301321 8
301322 9
301323 10
301331 7
301332 8
301333 9
302000 9
302001 8
302002 9
302003 10
302010 8
302011 7
302012 8
302013 9
302021 6
302022 7
302023 8
302031 5
302032 6
302033 7
302100 10
302101 9
302102 8
302103 9
302110 9
302111 8
302112 9
302113 8
302120 8
302122 6
302123 7
302131 4
302132 5
302133 6
302200 9
302201 8
302202 9
302203 10
302210 8
302211 7
302212 8
302213 9
302220 7
302221 6
302223 8
302231 5
302232 6
302233 7
302300 10
302301 9
302302 10
302303 11
302310 9
302311 8
302312 9
302313 10
302320 8
302321 7
302322 8
302331 6
302332 7
302333 8
303100 9
303101 8
303102 9
303103 10
303110 8
303111 7
303112 8
303113 9
303120 7
303121 6
303122 7
303123 8
303132 6
303133 7
303200 10
303201 9
303202 10
303203 11
303210 9
303211 8
303212 9
303213 10
303220 8
303221 7
303222 8
303223 9
303231 6
303233 8
303300 11
303301 10
303302 11
303303 12
303310 10
303311 9
303312 10
303313 11
303320 9
303321 8
303322 9
303323 10
303331 7
303332 8
310001 9
310002 10
310003 11
310010 7
310011 8
310012 9
310013 10
310020 6
310021 7
310022 8
310023 9
310030 5
310032 7
310033 8
310100 9
310102 11
310103 12
310110 8
310111 9
310112 10
310113 11
310120 7
310121 8
310122 9
310123 10
310130 6
310132 8
310133 9
310200 10
310201 11
310203 13
310210 9
310211 10
310212 11
310213 12
310220 8
310221 9
310222 10
310223 11
310230 7
310232 9
310233 10
310300 11
310301 12
310302 13
310310 10
310311 11
310312 12
310313 13
310320 9
310321 10
310322 11
310323 12
310330 8
310332 10
310333 11
311000 9
311001 10
311002 9
311003 10
311011 9
311012 8
311013 9
311020 5
311021 6
311022 7
311023 8
311030 4
311032 6
311033 7
311100 8
311101 9
311102 10
311103 11
311110 7
311112 9
311113 10
311120 6
311121 7
311122 8
311123 9
311130 5
311132 7
311133 8
311200 9
311201 10
311202 11
311203 12
311210 8
311211 9
311213 11
311220 7
311221 8
311222 9
311223 10
311230 6
311232 8
311233 9
311300 10
311301 11
311302 12
311303 13
311310 9
311311 10
311312 11
311320 8
311321 9
311322 10
311323 11
311330 7
311332 9
311333 10
312000 8
312001 9
312002 8
312003 9
312010 7
312011 8
312012 7
312013 8
312021 7
312022 8
312023 7
312030 5
312032 7
312033 6
312100 9
312101 10
312102 9
312103 10
312110 8
312111 9
312112 8
312113 9
312120 7
312122 9
312123 8
312130 6
312132 8
312133 7
312200 8
312201 9
312202 10
312203 11
312210 7
312211 8
312212 9
312213 10
312220 6
312221 7
312223 9
312230 5
312232 7
312233 8
312300 9
312301 10
312302 11
312303 12
312310 8
312311 9
312312 10
312313 11
312320 7
312321 8
312322 9
312330 6
312332 8
312333 9
313000 9
313001 8
313002 9
313003 10
313010 8
313011 7
313012 8
313013 9
313020 7
313021 8
313022 7
313023 8
313032 6
313033 7
313200 9
313201 10
313202 11
313203 12
313210 8
313211 9
313212 10
313213 11
313220 7
313221 8
313222 9
313223 10
313230 6
313233 9
313300 10
313301 11
313302 12
313303 13
313310 9
313311 10
313312 11
313313 12
313320 8
313321 9
313322 10
313323 11
313330 7
313332 9
320001 10
320002 11
320003 12
320010 8
320011 9
320012 10
320013 11
320020 7
320021 8
320022 9
320023 10
320030 6
320031 7
320033 9
320100 10
320102 12
320103 13
320110 9
320111 10
320112 11
320113 12
320120 8
320121 9
320122 10
320123 11
320130 7
320131 8
320133 10
320200 11
320201 12
320203 14
320210 10
320211 11
320212 12
320213 13
320220 9
320221 10
320222 11
320223 12
320230 8
320231 9
320233 11
320300 12
320301 13
320302 14
320310 11
320311 12
320312 13
320313 14
320320 10
320321 11
320322 12
320323 13
320330 9
320331 10
320333 12
321000 10
321001 9
321002 10
321003 11
321011 8
321012 9
321013 10
321020 6
321021 7
321022 8
321023 9
321030 5
321031 6
321033 8
321100 9
321101 10
321102 11
321103 12
321110 8
321112 10
321113 11
321120 7
321121 8
321122 9
321123 10
321130 6
321131 7
321133 9
321200 10
321201 11
321202 12
321203 13
321210 9
321211 10
321213 12
321220 8
321221 9
321222 10
321223 11
321230 7
321231 8
321233 10
321300 11
321301 12
321302 13
321303 14
321310 10
321311 11
321312 12
321320 9
321321 10
321322 11
321323 12
321330 8
321331 9
321333 11
322000 9
322001 8
322002 9
322003 10
322010 8
322011 7
322012 8
322013 9
322021 6
322022 7
322023 8
322030 4
322031 5
322033 7
322100 8
322101 9
322102 10
322103 11
322110 7
322111 8
322112 9
322113 10
322120 6
322122 10
322123 9
322130 5
322131 6
322133 8
322200 9
322201 10
322202 11
322203 12
322210 8
322211 9
322212 10
322213 11
322220 7
322221 8
322223 10
322230 6
322231 7
322233 9
322300 10
322301 11
322302 12
322303 13
322310 9
322311 10
322312 11
322313 12
322320 8
322321 9
322322 10
322330 7
322331 8
322333 10
323000 10
323001 9
323002 10
323003 11
323010 9
323011 8
323012 9
323013 10
323020 8
323021 7
323022 8
323023 9
323031 6
323033 8
323100 9
323101 10
323102 11
323103 12
323110 8
323111 9
323112 10
323113 11
323120 7
323121 8
323122 9
323123 10
323130 6
323133 9
323300 11
323301 12
323302 13
323303 14
323310 10
323311 11
323312 12
323313 13
323320 9
323321 10
323322 11
323323 12
323330 8
323331 9
330001 11
330002 12
330003 13
330010 9
330011 10
330012 11
330013 12
330020 8
330021 9
330022 10
330023 11
330030 7
330031 8
330032 9
330100 11
330102 13
330103 14
330110 10
330111 11
330112 12
330113 13
330120 9
330121 10
330122 11
330123 12
330130 8
330131 9
330132 10
330200 12
330201 13
330203 15
330210 11
330211 12
330212 13
330213 14
330220 10
330221 11
330222 12
330223 13
330230 9
330231 10
330232 11
330300 13
330301 14
330302 15
330310 12
330311 13
330312 14
330313 15
330320 11
330321 12
330322 13
330323 14
330330 10
330331 11
330332 12
331000 11
331001 10
331002 11
331003 12
331011 9
331012 10
331013 11
331020 7
331021 8
331022 9
331023 10
331030 6
331031 7
331032 8
331100 10
331101 11
331102 12
331103 13
331110 9
331112 11
331113 12
331120 8
331121 9
331122 10
331123 11
331130 7
331131 8
331132 9
331200 11
331201 12
331202 13
331203 14
331210 10
331211 11
331213 13
331220 9
331221 10
331222 11
331223 12
331230 8
331231 9
331232 10
331300 12
331301 13
331302 14
331303 15
331310 11
331311 12
331312 13
331320 10
331321 11
331322 12
331323 13
331330 9
331331 10
331332 11
332000 10
332001 9
332002 10
332003 11
332010 9
332011 8
332012 9
332013 10
332021 7
332022 8
332023 9
332030 5
332031 6
332032 7
332100 9
332101 10
332102 11
332103 12
332110 8
332111 9
332112 10
332113 11
332120 7
332122 9
332123 10
332130 6
332131 7
332132 8
332200 10
332201 11
332202 12
332203 13
332210 9
332211 10
332212 11
332213 12
332220 8
332221 9
332223 11
332230 7
332231 8
332232 9
332300 11
332301 12
332302 13
332303 14
332310 10
332311 11
332312 12
332313 13
332320 9
332321 10
332322 11
332330 8
332331 9
332332 10
333000 11
333001 10
333002 11
333003 12
333010 10
333011 9
333012 10
333013 11
333020 9
333021 8
333022 9
333023 10
333031 7
333032 8
333100 10
333101 11
333102 12
333103 13
333110 9
333111 10
333112 11
333113 12
333120 8
333121 9
333122 10
333123 11
333130 7
333132 9
333200 11
333201 12
333202 13
333203 14
333210 10
333211 11
333212 12
333213 13
333220 9
333221 10
333222 11
333223 12
333230 8
333231 9
